0	100.135	0.0837379	0.463574	-0.379836	7.7	-1.55431e-15	2.44249e-15	-2.22045e-16	316.643	-1016.05	-699.411
100	106.521	-0.0267116	0.493244	-0.519955	7.7	-8.96852e-16	2.25878e-14	-2.43139e-14	336.835	-1013.13	-676.293
200	107.337	0.0526378	0.497366	-0.444728	7.7	3.33067e-16	1.87766e-14	-1.93734e-14	339.415	-1009.35	-669.937
300	102.812	-0.0705466	0.476284	-0.546831	7.7	1.04361e-14	6.66134e-16	-4.996e-15	325.109	-1008.83	-683.717
400	104.177	-0.159275	0.484645	-0.64392	7.7	1.27676e-14	-3.33067e-15	-2.13163e-14	329.424	-1005.82	-676.395
500	100.767	0.0224162	0.464976	-0.44256	7.7	1.33782e-14	1.33227e-15	-7.66054e-15	318.639	-993.616	-674.976
600	101.703	-0.163764	0.471588	-0.635352	7.7	8.21565e-15	-2.66454e-15	-6.66134e-15	321.601	-1014.57	-692.969
700	94.6727	-0.0392061	0.439171	-0.478377	7.7	4.55191e-15	-7.99361e-15	9.4369e-15	299.369	-1010.16	-710.786
800	101.253	0.121868	0.470309	-0.348441	7.7	4.88498e-15	-2.77556e-15	1.58762e-14	320.178	-998.807	-678.629
900	102.31	0.132079	0.471958	-0.339879	7.7	3.77476e-15	-6.77236e-15	1.06304e-14	323.52	-1000.95	-677.427
1000	96.3326	-0.0567995	0.447435	-0.504235	7.7	-3.33067e-15	-2.77556e-14	-1.9984e-15	304.618	-1010.48	-705.865
1100	104.084	0.0819001	0.484703	-0.402803	7.7	1.33227e-15	-1.92624e-14	-3.77476e-15	329.129	-996.901	-667.772
1200	108.333	-0.180114	0.503261	-0.683376	7.7	-1.8624e-14	4.77396e-15	-2.42029e-14	342.565	-1003.52	-660.957
1300	107.075	0.0241638	0.494401	-0.470237	7.7	-4.50751e-14	1.46549e-14	-1.52794e-14	338.587	-985.784	-647.197
1400	101.214	-0.236498	0.467977	-0.704475	7.7	-3.66374e-14	-6.71685e-15	-7.77156e-15	320.054	-992.896	-672.842
1500	101.511	-0.294028	0.470344	-0.764373	7.7	-2.24265e-14	-2.75335e-14	-1.72085e-15	320.992	-1000.4	-679.404
1600	109.346	-0.0919085	0.508235	-0.600143	7.7	-2.84217e-14	-2.9643e-14	-1.38223e-14	345.77	-992.46	-646.69
1700	101.879	-0.0787366	0.471488	-0.550225	7.7	-2.15036e-14	-1.67644e-14	-7.32747e-15	322.157	-997.807	-675.65
1800	105.029	-0.00181147	0.484423	-0.486235	7.7	-3.46667e-14	-2.95319e-14	-2.18714e-14	332.118	-1013.94	-681.823
1900	98.9541	-0.145815	0.457339	-0.603154	7.7	-3.70814e-14	-2.75335e-14	-2.79776e-14	312.908	-1019.9	-706.992
2000	95.946	-0.0821423	0.445642	-0.527784	7.7	-3.25295e-14	-4.34097e-14	-7.54952e-15	303.396	-1017.83	-714.432
2100	99.6638	0.181437	0.463759	-0.282322	7.7	-1.26565e-14	-4.4853e-14	-3.44169e-15	315.152	-990.81	-675.658
2200	100.061	0.105184	0.466276	-0.361092	7.7	-2.14273e-14	-6.28386e-14	-4.66294e-15	316.409	-985.657	-669.248
2300	97.5989	0.176309	0.454608	-0.278299	7.7	-2.15383e-14	-4.94604e-14	-1.60982e-14	308.622	-988.87	-680.247
2400	94.2236	0.133361	0.437737	-0.304376	7.7	-2.75335e-14	-5.72875e-14	-3.48055e-14	297.95	-976.462	-678.513
2500	95.3637	-0.0858372	0.444351	-0.530189	7.7	-4.34652e-14	-3.86358e-14	-2.13163e-14	301.555	-997.356	-695.801
2600	99.5215	0.140857	0.462747	-0.32189	7.7	-3.2141e-14	-4.24105e-14	-7.43849e-15	314.702	-978.139	-663.437
2700	103.648	0.213588	0.481119	-0.267532	7.7	-5.40679e-14	-5.01821e-14	-6.66134e-15	327.751	-960.742	-632.992
2800	100.608	-0.313212	0.46434	-0.777551	7.7	-3.44169e-14	-9.3571e-15	-5.77316e-15	318.137	-996.992	-678.855
2900	93.9614	-0.246562	0.4361	-0.682662	7.7	-3.36953e-14	-1.66533e-16	6.95277e-15	297.12	-992.83	-695.71
3000	98.5239	0.029066	0.456046	-0.42698	7.7	-3.35287e-14	-4.44089e-15	3.39728e-14	311.548	-978.339	-666.792
3100	99.0947	0.177515	0.457974	-0.280459	7.7	-4.11893e-14	6.88338e-15	9.32587e-15	313.352	-962.271	-648.918
3200	94.9894	-0.0973593	0.438442	-0.535801	7.7	-3.60371e-14	3.01981e-14	1.28786e-14	300.371	-986.59	-686.219
3300	95.8416	-0.0812988	0.444115	-0.525414	7.7	-4.20775e-14	1.14353e-14	2.33147e-14	303.066	-986.196	-683.13
3400	94.3354	-0.0704215	0.438214	-0.508635	7.7	-4.34652e-14	2.77556e-15	2.6118e-14	298.303	-979.167	-680.864
3500	97.9864	-0.0283702	0.451805	-0.480175	7.7	-7.03604e-14	1.11022e-15	2.73392e-14	309.848	-989.426	-679.579
3600	104.72	0.0502206	0.483864	-0.433643	7.7	-7.08322e-14	-1.3739e-14	3.91631e-14	331.141	-985.963	-654.821
3700	102.568	0.0185265	0.473003	-0.454477	7.7	-5.57956e-14	3.33067e-15	4.89331e-14	324.336	-994.518	-670.182
3800	87.8708	-0.0615965	0.407309	-0.468905	7.7	-5.49283e-14	-6.77236e-15	2.95319e-14	277.861	-991.992	-714.131
3900	87.7323	0.147225	0.406993	-0.259768	7.7	-4.79616e-14	-1.46688e-14	1.52101e-14	277.423	-973.251	-695.828
4000	93.0738	-0.0363544	0.431626	-0.46798	7.7	-2.95319e-14	-1.75415e-14	1.64452e-14	294.314	-986.524	-692.21
4100	103.283	0.0543664	0.480715	-0.426349	7.7	-2.59792e-14	-3.17524e-14	-1.11022e-15	326.596	-987.486	-660.891
4200	95.5425	0.312798	0.440499	-0.127701	7.7	-3.55558e-14	-5.00711e-14	1.3301e-15	302.12	-964.249	-662.129
4300	94.3662	-0.215749	0.434509	-0.650258	7.7	-2.50078e-14	-3.4972e-14	-4.66294e-15	298.4	-987.896	-689.495
4400	93.6536	0.0244227	0.432968	-0.408546	7.7	-8.54872e-15	-4.18554e-14	-1.02002e-14	296.147	-974.894	-678.747
4500	89.9112	0.0200694	0.416324	-0.396254	7.7	9.54792e-15	-3.37508e-14	-1.57097e-14	284.313	-978.773	-694.46
4600	92.1131	0.0235254	0.429616	-0.40609	7.7	5.9952e-15	-1.63203e-14	-9.10383e-15	291.276	-989.906	-698.63
4700	100.053	-0.0681338	0.46552	-0.533654	7.7	1.19904e-14	-3.18634e-14	-1.60982e-14	316.384	-994.602	-678.218
4800	101.86	0.203765	0.472592	-0.268827	7.7	1.67921e-15	-2.55351e-14	-7.29972e-15	322.096	-972.478	-650.382
4900	101.484	-0.0221374	0.467494	-0.489632	7.7	1.38778e-15	-3.51941e-14	-2.23155e-14	320.909	-982.35	-661.442
5000	93.1261	-0.147773	0.429202	-0.576975	7.7	-1.27676e-14	-2.74503e-14	-7.10543e-15	294.479	-981.443	-686.964
